933
743
262
529
700
508
752
256
256
119
711
351
843
705
108
393
330
366
169
932
917
847
972
868
980
223
549
592
164
169
551
427
190
624
635
920
944
310
862
484
363
301
710
236
876
431
929
397
675
491
190
344
134
425
629
30
727
126
743
334
104
760
749
620
256
932
572
613
490
509
119
405
695
49
327
719
497
824
596
649
356
184
93
245
7
306
509
754
352
665
783
738
801
690
330
337
195
656
963
11
427
42
106
968
212
1
510
480
658
571
331
814
847
564
197
625
438
931
18
487
151
187
913
179
995
750
750
913
562
134
273
547
521
830
140
557
678
726
503
597
408
893
988
238
85
93
188
720
211
746
933
743
262
529
700
508
752
256
256
119
711
351
843
705
108
393
330
366
169
932
917
847
972
868
980
223
549
592
164
169
551
427
190
624
635
920
944
310
862
484
363
301
710
236
876
431
929
397
675
491
190
344
134
425
629
30
727
126
743
334
104
760
749
620
256
932
572
613
490
509
119
405
695
49
327
719
497
824
596
649
356
184
93
245
7
306
509
754
352
665
783
738
801
690
330
337
195
656
963
11
427
42
106
968
212
1
510
480
658
571
331
814
847
564
197
625
438
931
18
487
151
187
913
179
995
750
750
913
562
134
273
547
521
830
140
557
678
726
503
597
408
893
988
238
85
93
188
720
211
746
